       3       3    2.95    2.86    2.75    2.63    2.51    2.39    2.28    2.17    2.06    1.98    1.91    1.88    1.88
       3       3    2.95    2.86    2.75    2.63    2.51    2.39    2.28    2.17    2.06    1.98    1.91    1.88    1.88
    3.06    3.06    2.98    2.87    2.76    2.64    2.51    2.39    2.27    2.16    2.05    1.96    1.88    1.84    1.84
    3.41    3.19    3.04     2.9    2.77    2.64    2.51    2.39    2.26    2.14    2.02    1.91    1.82    1.76    1.76
    3.46    3.25    3.08    2.93    2.79    2.65    2.51    2.38    2.25    2.12    1.98    1.85    1.73    1.63    1.63
    3.49    3.29    3.11    2.95    2.79    2.65    2.51    2.37    2.23    2.09    1.95    1.79    1.61    1.39    1.04
     3.5     3.3    3.12    2.95     2.8    2.65    2.51    2.36    2.22    2.07    1.92    1.74    1.54    1.29   0.969
    3.49    3.29    3.11    2.94    2.79    2.64     2.5    2.36    2.21    2.06     1.9    1.73    1.52    1.26   0.948
    3.47    3.27    3.09    2.93    2.78    2.63    2.49    2.35    2.21    2.07    1.91    1.74    1.54    1.29   0.967
    3.43    3.22    3.05     2.9    2.75    2.62    2.48    2.35    2.22    2.08    1.93    1.78    1.61    1.39    1.03
    3.36    3.14    2.99    2.85    2.73     2.6    2.48    2.35    2.22     2.1    1.97    1.84    1.72    1.62    1.62
    2.98    2.98     2.9    2.81     2.7    2.59    2.47    2.35    2.23    2.12       2     1.9    1.81    1.75    1.75
    2.89    2.89    2.85    2.77    2.68    2.57    2.46    2.35    2.24    2.13    2.03    1.94    1.87    1.83    1.83
    2.86    2.86    2.82    2.75    2.66    2.57    2.46    2.35    2.24    2.14    2.04    1.96    1.89    1.86    1.86
    2.86    2.86    2.82    2.75    2.66    2.57    2.46    2.35    2.24    2.14    2.04    1.96    1.89    1.86    1.86
